              precision    recall  f1-score   support

           0       0.26      0.03      0.06       275
           1       0.44      0.17      0.25      1211
           2       0.45      0.82      0.58      1781
           3       0.36      0.20      0.26       812
           4       0.33      0.14      0.19       140
           5       0.27      0.14      0.19        77

    accuracy                           0.44      4296
   macro avg       0.35      0.25      0.25      4296
weighted avg       0.41      0.44      0.37      4296
