              precision    recall  f1-score   support

           0       0.00      0.00      0.00       275
           1       0.00      0.00      0.00      1211
           2       0.41      1.00      0.59      1781
           3       0.00      0.00      0.00       812
           4       0.00      0.00      0.00       140
           5       0.00      0.00      0.00        77

    accuracy                           0.41      4296
   macro avg       0.07      0.17      0.10      4296
weighted avg       0.17      0.41      0.24      4296
