              precision    recall  f1-score   support

           0       0.35      0.19      0.24       275
           1       0.41      0.35      0.38      1211
           2       0.47      0.60      0.53      1781
           3       0.33      0.29      0.31       812
           4       0.34      0.21      0.26       140
           5       0.45      0.18      0.26        77

    accuracy                           0.43      4296
   macro avg       0.39      0.30      0.33      4296
weighted avg       0.41      0.43      0.41      4296
