              precision    recall  f1-score   support

           0       0.25      0.24      0.25       275
           1       0.38      0.36      0.37      1211
           2       0.47      0.51      0.49      1781
           3       0.30      0.29      0.30       812
           4       0.31      0.24      0.27       140
           5       0.33      0.22      0.26        77

    accuracy                           0.40      4296
   macro avg       0.34      0.31      0.32      4296
weighted avg       0.39      0.40      0.39      4296
