              precision    recall  f1-score   support

           0       1.00      0.00      0.01       275
           1       0.49      0.14      0.21      1211
           2       0.45      0.88      0.59      1781
           3       0.33      0.19      0.24       812
           4       0.00      0.00      0.00       140
           5       0.00      0.00      0.00        77

    accuracy                           0.44      4296
   macro avg       0.38      0.20      0.18      4296
weighted avg       0.45      0.44      0.35      4296
