              precision    recall  f1-score   support

           0       0.26      0.08      0.13       275
           1       0.43      0.18      0.26      1211
           2       0.46      0.79      0.58      1781
           3       0.36      0.21      0.26       812
           4       0.26      0.17      0.21       140
           5       0.26      0.18      0.21        77

    accuracy                           0.43      4296
   macro avg       0.34      0.27      0.27      4296
weighted avg       0.41      0.43      0.38      4296
