              precision    recall  f1-score   support

           0       0.31      0.13      0.19       275
           1       0.41      0.27      0.33      1211
           2       0.46      0.67      0.54      1781
           3       0.35      0.29      0.31       812
           4       0.37      0.17      0.23       140
           5       0.34      0.16      0.21        77

    accuracy                           0.43      4296
   macro avg       0.37      0.28      0.30      4296
weighted avg       0.41      0.43      0.40      4296
